7.259431396779695511e+00
7.259945449054518996e+00
7.260367146011504680e+00
7.260698769856371193e+00
7.260943465476863423e+00
7.261104280168058089e+00
7.261183433736157156e+00
7.261184268470429970e+00
7.261108185791800729e+00
7.260958847165696284e+00
7.260738818139690132e+00
7.260450829537503203e+00
7.260097323136456282e+00
7.259681836525520460e+00
7.259206582273550090e+00
7.258674518185213032e+00
7.258088533687369726e+00
7.257452609666653842e+00
7.256769383412205343e+00
7.256041874695051241e+00
7.255272850949245900e+00
7.254465071042988988e+00
7.253621313852105068e+00
7.252743930843333686e+00
7.251835439227022562e+00
7.250898245212682447e+00
7.249934024764915996e+00
7.248943993187452861e+00
7.247929383020949246e+00
7.246890479584980227e+00
7.245829797705593656e+00
7.244747316856014585e+00
7.243644081451679817e+00
7.242520227182673409e+00
7.241377021436908201e+00
7.240215056726568399e+00
7.239035281157192081e+00
7.237838452010548984e+00
7.236626234292182325e+00
7.235400452946417538e+00
7.234162762563296489e+00
7.232915268635227157e+00
7.231659200743749238e+00
7.230397065190999228e+00
7.229129957298776610e+00
7.227860941553582386e+00
7.226591836134164559e+00
7.225324599544618032e+00
7.224059930489126202e+00
7.222799179716669293e+00
7.221542968707567844e+00
7.220292150731878245e+00
7.219047226784105042e+00
7.217808415451115955e+00
7.216575779134228874e+00
7.215349100958437845e+00
7.214127981655560795e+00
7.212911965760718580e+00
7.211701389186043976e+00
7.210495874955744178e+00
7.209296218880517415e+00
7.208102212860780789e+00
7.206913860644777792e+00
7.205732181285899429e+00
7.204557764217722315e+00
7.203391008883918367e+00
7.202233470533319526e+00
7.201085659933013972e+00
7.199949848787188245e+00
7.198826727802091874e+00
7.197716791327803065e+00
7.196620386467368569e+00
7.195538798566588845e+00
7.194472366037050648e+00
7.193420868003152613e+00
7.192385357821933667e+00
7.191364394588185327e+00
7.190357608242923249e+00
7.189364218736156609e+00
7.188383506364011133e+00
7.187414596801492195e+00
7.186456026830410515e+00
7.185505762494487136e+00
7.184563405511977585e+00
7.183627477272639617e+00
7.182696753044074178e+00
7.181770351441087108e+00
7.180846850518642022e+00
7.179926530449183275e+00
7.179008383672631055e+00
7.178092065180673664e+00
7.177178034882982338e+00
7.176265566450486411e+00
7.175355113086330228e+00
7.174446044113463650e+00
7.173538341477372349e+00
7.172632902166266256e+00
7.171729353111117256e+00
7.170828061668458986e+00
7.169928899760594554e+00
7.169031434734995933e+00
7.168136337510520484e+00
7.167243917387445151e+00
7.166353193990240733e+00
7.165465697077439522e+00
7.164581196606262914e+00
7.163699686898681307e+00
7.162822126921653876e+00
7.161948838245993265e+00
7.161080120524808912e+00
7.160217094492182355e+00
7.159360488752422036e+00
7.158511570638157018e+00
7.157672082962652560e+00
7.156843166998044126e+00
7.156025752047450617e+00
7.155221337830792727e+00
7.154431809082886673e+00
7.153659371859869331e+00
7.152905371182174399e+00
7.152171513212199905e+00
7.151459513092664366e+00
7.150770194298907256e+00
7.150104835964133265e+00
7.149464517570545574e+00
7.148850735177979310e+00
7.148263114150613440e+00
7.147701960269560395e+00
7.147167373163859416e+00
7.146658378449033400e+00
7.146175602226484180e+00
7.145718703487987433e+00
7.145287405372577894e+00
7.144880770612824783e+00
7.144499482850428684e+00
7.144141498715016247e+00
7.143807772116191224e+00
7.143497255987896644e+00
7.143209849370464326e+00
7.142945260932823004e+00
7.142702712829342993e+00
7.142482145465778309e+00
7.142283054671440645e+00
7.142104551411033064e+00
7.141946095166901820e+00
7.141806703633412745e+00
7.141685786211287912e+00
7.141583352725427325e+00
7.141498927085447868e+00
7.141432133213881706e+00
7.141382618179686226e+00
7.141351280727344708e+00
7.141338675298862348e+00
7.141346265595498899e+00
7.141376344959902589e+00
7.141430870444018808e+00
7.141511100224810171e+00
7.141620748515688177e+00
7.141762346580567744e+00
7.141938574181598831e+00
7.142153314587051050e+00
7.142408111295114992e+00
7.142705743241461569e+00
7.143048355562577001e+00
7.143437749518862567e+00
7.143874615268571482e+00
7.144360169122347060e+00
7.144893493925774663e+00
7.145474629481351592e+00
7.146103057528793379e+00
7.146777062955778526e+00
7.147494749282292226e+00
7.148253599377071943e+00
7.149051471288054849e+00
7.149885363233348556e+00
7.150753754374853166e+00
7.151654515231896880e+00
7.152586051770300379e+00
7.153546546953040597e+00
7.154534417660092238e+00
7.155549558256264930e+00
7.156591629784887942e+00
7.157660891463987873e+00
7.158758269586038558e+00
7.159884018882041623e+00
7.161038497647087553e+00
7.162223110523515679e+00
7.163440084505300121e+00
7.164689564733770055e+00
7.165973346421171009e+00
7.167291162118019976e+00
7.168643404697246702e+00
7.170029999019440048e+00
7.171450892256299170e+00
7.172904451285499583e+00
7.174389502076349068e+00
7.175904547893128260e+00
7.177447821155549690e+00
7.179017017423370284e+00
7.180609560310316830e+00
7.182223132707790114e+00
7.183854536501733001e+00
7.185501095730303156e+00
7.187159995148533653e+00
7.188827941685357992e+00
7.190502538404477839e+00
7.192180561654802240e+00
7.193858611585905116e+00
7.195532894392840717e+00
7.197200759350983468e+00
7.198858658629029073e+00
7.200502369654095070e+00
7.202128714347780125e+00
7.203732982765266968e+00
7.205310701815849761e+00
7.206858445479810804e+00
7.208372162199168542e+00
7.209847819410544645e+00
7.211280501379746077e+00
7.212666970924149545e+00
7.214002458345224689e+00
7.215284381453258788e+00
7.216509997723551173e+00
7.217676726267356457e+00
7.218781914298280533e+00
7.219824692625622653e+00
7.220804545142082809e+00
7.221720801210355312e+00
7.222573931983731654e+00
7.223364913286599354e+00
