1.080165327355476990e+01
1.080065487763857845e+01
1.079963289311526076e+01
1.079858255774644249e+01
1.079749999039307795e+01
1.079638218692542928e+01
1.079522689543029657e+01
1.079403400293979587e+01
1.079280362574343854e+01
1.079153725585749690e+01
1.079023628058664563e+01
1.078890564458751022e+01
1.078754927104015238e+01
1.078617187210307904e+01
1.078477906899166427e+01
1.078337839954985533e+01
1.078197605893871369e+01
1.078057896594745380e+01
1.077919685454644139e+01
1.077783835048381178e+01
1.077651551087378934e+01
1.077523933140613899e+01
1.077402409339450706e+01
1.077288558089734671e+01
1.077184113679736832e+01
1.077091275003130555e+01
1.077012155540121618e+01
1.076949154487415150e+01
1.076904861233533239e+01
1.076882166485353842e+01
1.076883935898315237e+01
1.076913061082402123e+01
1.076972418187888358e+01
1.077064638591415324e+01
1.077192199101646786e+01
1.077356922095461833e+01
1.077560548977019295e+01
1.077803875870259454e+01
1.078087373088094303e+01
1.078410544454436248e+01
1.078772612116456209e+01
1.079171831520661762e+01
1.079605972557897786e+01
1.080072330566440009e+01
1.080567716032426340e+01
1.081088712230116222e+01
1.081631316914150354e+01
1.082192115951408518e+01
1.082767197722490060e+01
1.083353055184532465e+01
1.083946269404012597e+01
1.084543659256859804e+01
1.085142395031566664e+01
1.085739887891062416e+01
1.086333880530401785e+01
1.086922345731356110e+01
1.087503263749344740e+01
1.088075226549757701e+01
1.088636612617434096e+01
1.089186040290903534e+01
1.089722064622584696e+01
1.090243490822927619e+01
1.090749043556080444e+01
1.091237687611217311e+01
1.091708358478575747e+01
1.092160045716818573e+01
1.092592114279005422e+01
1.093003854869455260e+01
1.093394929278713867e+01
1.093765031862352544e+01
1.094114392251082712e+01
1.094442888676530323e+01
1.094750949284560093e+01
1.095039123737335274e+01
1.095307946371840480e+01
1.095558063070297550e+01
1.095790341081935537e+01
1.096005719385857979e+01
1.096204739917183701e+01
1.096388169960317960e+01
1.096556401325769414e+01
1.096709866645727516e+01
1.096848590029656023e+01
1.096972401896285021e+01
1.097080868119033426e+01
1.097173125607102762e+01
1.097248092239970596e+01
1.097304343863328313e+01
1.097339923917775018e+01
1.097352870886624387e+01
1.097340971228173601e+01
1.097301823461632964e+01
1.097232893507548468e+01
1.097131928654674660e+01
1.096996619911484849e+01
1.096825137967128683e+01
1.096615941631397462e+01
1.096368113924216026e+01
1.096081097570995233e+01
1.095755250324030605e+01
1.095391258873664775e+01
1.094990357527566616e+01
1.094554592004808491e+01
1.094086409510792279e+01
1.093588632032780339e+01
1.093064393345737173e+01
1.092517244027571621e+01
1.091950460311089444e+01
1.091367657363793597e+01
1.090772275987222351e+01
1.090167597995206883e+01
1.089556872493102091e+01
1.088943032120851662e+01
1.088328906659307371e+01
1.087717019077281400e+01
1.087109818528682226e+01
1.086509523103511476e+01
1.085918121911320178e+01
1.085337644409234947e+01
1.084769911337234660e+01
1.084216671221396844e+01
1.083679484709690577e+01
1.083159818984335132e+01
1.082658964112201083e+01
1.082177963134680709e+01
1.081717858642157459e+01
1.081279328231523884e+01
1.080862914671037345e+01
1.080468888282293705e+01
1.080097365473880444e+01
1.079748014623934260e+01
1.079420667036588277e+01
1.079114897457427524e+01
1.078830002707594993e+01
1.078565289315399234e+01
1.078319657703038104e+01
1.078092279436679135e+01
1.077882014242345399e+01
1.077687751274418027e+01
1.077508447638480504e+01
1.077342896104923753e+01
1.077190066430805437e+01
1.077048743846136958e+01
1.076917895301342298e+01
1.076796471315445558e+01
1.076683547882312553e+01
1.076578127258885509e+01
1.076479295168324235e+01
1.076386523330459433e+01
1.076298935591490213e+01
1.076215906264327238e+01
1.076136793289926175e+01
1.076061181162689984e+01
1.075988596599788671e+01
1.075918765070797534e+01
1.075851200538503427e+01
1.075785581560616322e+01
1.075721537860307109e+01
1.075658753334925777e+01
1.075596935477758187e+01
1.075535848084037660e+01
1.075475199352938738e+01
1.075414814684712717e+01
1.075354336531277077e+01
1.075293514346668644e+01
1.075232137536020005e+01
1.075170185566269154e+01
1.075107415996590277e+01
1.075043593873823333e+01
1.074978661798504298e+01
1.074912421752563496e+01
1.074844654000638755e+01
1.074775119252826805e+01
1.074703621980171953e+01
1.074629855269579615e+01
1.074553441075549642e+01
1.074474178659291113e+01
1.074391546407587406e+01
1.074305334731552541e+01
1.074214967836740975e+01
1.074120147876826792e+01
1.074020520835794912e+01
1.073915872864709264e+01
1.073805892875886059e+01
1.073690418284397730e+01
1.073569103451744411e+01
1.073442008468522069e+01
1.073308961082910606e+01
1.073170046972770564e+01
1.073025424960772689e+01
1.072875041325096390e+01
1.072718977247275518e+01
1.072557396035518273e+01
1.072390251902599978e+01
1.072217751687559151e+01
1.072040227346146324e+01
1.071857719258585995e+01
1.071670463227797754e+01
1.071478837170793064e+01
1.071282977255764912e+01
1.071083322492275336e+01
1.070880172670147878e+01
1.070674118661409935e+01
1.070465557066486539e+01
1.070255017604109504e+01
1.070042970083882317e+01
1.069830145107081698e+01
1.069616964094399059e+01
1.069404002379894969e+01
1.069191797600520388e+01
1.068980902747643036e+01
1.068771941062733433e+01
1.068565393602442626e+01
1.068361773189132968e+01
1.068161431637105530e+01
1.067964990114131041e+01
1.067773023240530428e+01
1.067586134903267236e+01
1.067404984889632757e+01
1.067230354119632096e+01
1.067062945141187846e+01
1.066903922058513388e+01
1.066754302788232245e+01
1.066615497680022884e+01
1.066489047782549981e+01
1.066376519538792422e+01
1.066279753209402692e+01
1.066200746247131370e+01
1.066141464441930964e+01
1.066103909323486931e+01
